0 11 0 3
0 11 0 3
0 11 0 3
0 11 0 3
0 11 0 3
0 11 0 3
0 11 0 3
0 11 0 3
0 11 0 3
0 11 0 3
0 11 0 3
0 11 1 3
0 11 0 2
0 11 0 2
0 11 0 2
0 11 0 2
0 11 0 2
0 11 0 2
0 11 0 2
1 11 0 2
0 10 0 2
0 10 0 2
0 10 0 2
0 10 0 2
0 10 0 2
0 10 0 2
1 10 0 2
0 9 0 2
0 9 0 2
0 9 0 2
0 9 0 2
0 9 1 2
0 9 0 1
0 9 0 1
0 9 0 1
1 9 0 1
0 8 0 1
0 8 0 1
0 8 0 1
0 8 0 1
1 8 0 1
0 7 0 1
0 7 0 1
0 7 0 1
0 7 0 1
0 7 1 1
1 7 0 0
0 6 0 0
0 6 0 0
0 6 0 0
0 6 0 0
0 6 0 0
0 6 0 0
0 6 0 0
0 6 0 0
0 6 0 0
0 6 0 0
0 6 0 0
0 6 0 0
0 6 0 0
0 6 0 0
0 6 0 0
0 6 0 0
0 6 0 0
0 6 0 0
0 6 0 0
1 6 0 0
1 5 0 0
0 4 0 0
0 4 0 0
0 4 0 0
0 4 0 0
0 4 0 0
0 4 0 0
0 4 0 0
1 4 0 0
0 3 0 0
0 3 0 0
0 3 0 0
0 3 0 0
0 3 0 0
0 3 0 0
0 3 0 0
0 3 0 0
0 3 0 0
0 3 0 0
0 3 0 0
0 3 0 0
0 3 0 0
0 3 0 0
0 3 0 0
0 3 0 0
0 3 0 0
0 3 0 0
0 3 0 0
0 3 0 0
0 3 0 0
0 3 0 0
0 3 0 0
0 3 0 0
0 3 0 0
0 3 0 0
0 3 0 0
0 3 0 0
0 3 0 0
0 3 0 0
0 3 0 0
0 3 0 0
0 3 0 0
0 3 0 0
0 3 0 0
0 3 0 0
0 3 0 0
0 3 0 0
0 3 0 0
0 3 0 0
0 3 0 0
0 3 0 0
0 3 0 0
0 3 0 0
0 3 0 0
0 3 0 0
0 2 0 0
0 1 0 0
0 1 0 0
0 1 0 0
0 1 0 0
0 1 0 0
0 1 0 0
0 1 0 0
0 0 0 0
0 0 0 0
0 0 0 0
0 0 0 0
0 0 0 0
0 0 0 0
0 0 0 0
0 0 0 0
0 0 0 0
0 0 0 0
0 0 0 0
0 0 0 0
0 0 0 0
0 0 0 0
0 0 0 0
0 0 0 0
0 0 0 0
0 0 0 0
0 0 0 0
0 0 0 0
0 0 0 0
0 0 0 0
0 0 0 0
0 0 0 0
0 0 0 0
0 0 0 0
0 0 0 0
0 0 0 0
0 0 0 0
0 0 0 0
0 0 0 0
0 0 0 0
0 0 0 0
0 0 0 0
0 0 0 0
0 0 0 0
0 0 0 0
0 0 0 0
0 0 0 0
0 0 0 0
0 0 0 0
0 0 0 0
0 0 0 0
0 0 0 0
0 0 0 0
