0 23 0 8
0 23 0 8
0 23 0 8
0 23 0 8
0 23 0 8
0 23 0 8
0 23 0 8
0 23 0 8
1 23 0 8
0 22 0 8
0 22 0 8
0 22 0 8
0 22 1 8
0 22 0 7
1 22 0 7
0 21 0 7
0 21 0 7
0 21 0 7
0 21 0 7
0 21 0 7
0 21 0 7
0 21 0 7
0 21 0 7
1 21 0 7
0 20 0 7
0 20 0 7
0 20 0 7
0 20 1 7
0 20 0 6
0 20 0 6
0 20 0 6
0 20 0 6
0 20 0 6
0 20 0 6
0 20 0 6
0 20 0 6
1 20 0 6
0 19 0 6
0 19 0 6
0 19 0 6
0 19 0 6
0 19 0 6
0 19 0 6
0 19 0 6
0 19 0 6
0 19 0 6
0 19 0 6
0 19 0 6
0 19 0 6
0 19 0 6
1 19 0 6
0 18 0 6
0 18 0 6
0 18 0 6
0 18 0 6
0 18 0 6
0 18 0 6
0 18 0 6
0 18 0 6
0 18 0 6
0 18 0 6
0 18 0 6
0 18 1 6
1 18 0 5
0 17 0 5
1 17 0 5
0 16 1 5
0 16 0 4
0 16 0 4
0 16 0 4
0 16 0 4
0 16 0 4
0 16 0 4
0 16 0 4
0 16 0 4
0 16 0 4
0 16 0 4
0 16 0 4
0 16 1 4
0 16 0 3
0 16 0 3
0 16 0 3
0 16 0 3
0 16 0 3
0 16 0 3
0 16 0 3
0 16 0 3
0 16 0 3
0 16 0 3
0 16 0 3
0 16 0 3
0 16 0 3
0 16 0 3
0 16 0 3
0 16 0 3
0 16 0 3
0 16 0 3
0 16 0 3
0 16 0 3
0 16 0 3
0 16 0 3
0 16 0 3
0 16 0 3
0 16 0 3
0 16 0 3
0 16 0 3
0 16 0 3
0 16 0 3
0 16 0 3
0 16 0 3
0 16 0 3
0 16 0 3
0 16 0 3
0 16 0 3
0 16 0 3
0 16 0 3
0 16 0 3
0 16 0 3
0 16 0 3
0 16 0 3
0 16 0 3
0 16 0 3
0 16 0 3
0 16 0 3
0 16 0 3
0 16 0 2
0 16 0 2
0 16 0 2
0 16 0 2
0 16 0 2
0 15 0 2
0 15 0 2
0 15 0 2
0 14 0 2
0 13 0 2
0 13 0 2
0 12 0 2
0 12 0 2
0 12 0 2
0 12 0 2
0 12 0 2
0 11 0 2
0 11 0 2
0 10 0 2
0 10 0 1
0 10 0 1
0 10 0 1
0 10 0 1
0 9 0 1
0 9 0 1
0 9 0 1
0 8 0 1
0 7 0 1
0 6 0 1
0 5 0 1
0 5 0 1
0 4 0 1
0 4 0 1
0 4 0 1
0 4 0 1
0 4 0 1
0 4 0 1
0 4 0 1
0 4 0 1
0 4 0 1
0 4 0 1
0 4 0 1
0 4 0 1
0 4 0 1
0 4 0 1
0 4 0 1
0 4 0 1
0 4 0 1
0 4 0 1
0 4 0 1
